72452940618011151242295015778477178877048637439568
36730236215816711669592625052536607362967918049012
18075902865386513055537137768881533478877294200742
70241797747750736069202873449626870342386020010177
9755219350945644354365684054085078716918542368828
94323568282463955542427624927435997648061097580962
80444416715114325614559856457239531905661325653020
16203151221764103742764543754923175320043766174706
97876935404747130439178502246779489879307358259527
661157687877402622775699993749504212453635984948
4887737503105863454547762305162407864672999771149
48846816101555772184722881651126409195269063921397
6906846459098262821259313042959479039686293537685
4547692749869816304568589345346846632574967447106
55251441328089206585413918582141465002077844508824
6242336450795035454328296193363178703005708449704
54014761599992738270399091272898076052292132572914
36653851589317090289855394175862750844523356900283
8106373669197333645668308086446838377799580250117
1822899958946399357122930241179388636015193857562
4434463402754631704857673352481594864553411452489
22157150607615425908536471595061689716375187359594
711743946118366195731892264059736086706395133728
4640576417667043989866132651119451913922539711012
675960747862174095008963268268410995269130579963
889159947788294577178137250027794316229044200869
6030281198481887713429252102922359879953863472241
44490803584476912083523585537066520659954850305217
28570990388428052392719771437912564644402306939713
3178960896981007767812588281969654939837888080010
71937552127453029401971780968621534351097947079
72653976233148056879391243648805505094841726785
75512315819350751925304030934190600491083965903562
23399543074035471532464298680628220033665544958461
4112009533930703689122909722875855549102592620842
75148286628397746014228404093649761391768319247972
7760702593159370708457422044790887026564659919738
1305723591818180677440358228068230867636091967795
8795868274358655138716386410271960584449225299762
200635699926075610845360951874135204021908341267
18020575202974345685255275524689401741546680508462
56053731594109864702243315724452134562952741125196
65842300049958848777498124959836668412742389319658
66767319217426272046825221953214955576283197279285
3193807472337180312218229642893460059966066648701
86245336715983165938470062357359165666581912046262
15294714239764739349388934074361794942004438949617
552694927190157198909722790190880568551774875403
54304430759052780834338849627631045402321623264154
71962239749379482952128451384578890973872030822636